1	-0.0706179	-0.0355868	-0.120387	-0.0477066	-0.0786563	-0.0158937	-0.0726907	0.0226441	-0.0270841	-0.027168	0.0293646	0.0543955	0.00814097	0.0271536	0.0086278	0.0334363	-0.0334891	0.00570512	-0.0374523	-0.0164873	0.0919797	-0.0445942	-0.0367559	-0.0321562	0.0240308	0.046827	-0.0262273	0.0599001	0.0576875	0.0348242	0.0117375	0.0580012	-0.00752761	-0.0134495	0.00280846	0.00166194	0.0616796	0.0681272	0.0174848	0.00980976	-0.0151491	0.0440002	-0.0238905	-0.0317789	-0.0251435	-0.0241086	0.0196901	-0.0164281	-0.0103099	-0.017775	-0.00668048	-0.0117103	-0.0103076	-0.00888077	-0.00796832	-0.0111524	-0.00393665	-0.00267829	0.0188848	0.0210219	0.0154959	0.00867116	0.00576963	0.0117044	0.00528421	-0.0115029	0.00585703	0.00455231	-0.00343939	-0.00202436	-0.0145282	0.0137033	0.0116418	-0.00581977	-0.00774441	-0.00708749	-0.00843968	0.00709659	-0.0064238	-0.00108518	-0.00909266	-0.00307584	0.000632814	0.00035641	-0.00983996	0.0153029	-0.0144725	-0.000935285	0.0200581	-0.00249582	-0.00256256	0.0160947	0.00584605	-0.00309778
-0.0706179	1	0.814518	0.578635	0.650022	0.0746298	-0.478896	0.587725	0.513995	-0.0262521	-0.0258322	0.0132546	0.0500048	0.331167	-0.244618	0.280397	-0.216868	-0.0699296	0.196964	-0.0528012	0.0991307	-0.0288859	0.213355	0.0951281	0.239234	-0.0903866	0.0391405	0.207264	-0.10757	-0.0757832	-0.00451957	0.125235	-0.0811177	-0.0941378	-0.0631531	0.0637255	-0.0319067	-0.00342114	0.00990243	0.00471455	-0.0251641	0.0497043	0.0243077	-0.0052273	-0.0124968	-0.00149994	-0.00689108	-0.00614705	-0.0145912	0.0155708	-0.00575108	0.00258934	0.00955188	0.00728383	-0.00761366	0.0287315	0.0125712	0.0373212	0.0220021	0.0142532	0.0127333	-0.00609505	0.00755092	-0.0130628	-0.00686106	-0.0152175	-0.00212493	-0.000397041	-0.0127228	0.00321935	-0.0141227	0.0111356	-0.00445633	-0.0060051	-0.00177783	-0.00291079	0.00176119	0.00596765	-0.00626234	-0.00444132	-0.00492324	0.000593646	-0.00231998	0.00316191	0.0082816	0.0178591	0.00161988	0.00616953	0.00504321	-0.00617447	-0.00083937	-0.0126497	-0.0110539	-0.00241657	-0.0124389
-0.0355868	0.814518	1	0.451619	0.666769	0.212862	-0.372554	0.594795	0.598965	-0.0156894	-0.0152073	0.00722771	0.0347949	0.264892	-0.235804	0.244133	-0.20466	-0.0408158	0.164893	-0.029704	0.0845721	0.0150964	0.174297	0.0890992	0.194893	-0.10758	0.0308375	0.165404	-0.0865225	-0.0648941	0.0443392	0.12458	-0.0485695	-0.100343	-0.0515907	0.0588485	-0.0161193	0.0210141	0.0354426	-0.0148201	-0.0250978	0.0433284	0.00693928	-0.0222634	-0.031538	-0.0201539	-0.0233828	-0.0183322	-0.0176366	-0.00159961	-0.00490439	0.000282694	0.01163	-0.00210179	0.00353237	0.0244455	0.0110746	0.0227586	-0.00541511	0.0195591	0.0203182	-0.00737067	-0.0153657	-0.00131293	-0.00480011	-0.00838582	-0.00780809	-0.000343859	-0.0184178	-0.00193849	-0.0137108	0.0058818	-0.00508719	-0.00623339	0.00338507	0.00219011	-0.000711213	0.000823719	-0.000159131	-0.00578029	-0.00693808	-0.00673018	-0.00507863	0.00171873	0.00499601	0.0111059	0.00938813	-0.00024593	0.00702819	0.0060399	0.00138237	-0.00493897	-0.00527276	0.00138548	-0.00663406
-0.120387	0.578635	0.451619	1	0.417915	-0.22495	-0.490115	0.393481	0.348237	-0.132551	-0.132261	0.127506	0.125706	0.314611	-0.154419	0.144959	-0.120184	-0.0456429	0.161909	-0.0507389	0.0719633	-0.0871528	0.18397	0.0711024	0.153416	0.0206949	0.0580467	0.134049	-0.0402243	-0.0198806	-0.0512362	0.120816	-0.113627	-0.0731584	-0.0996068	0.0616773	-0.0420913	-0.0494471	-0.0370904	0.0392226	0.0147625	0.00995712	0.0171049	-0.0299611	-0.00422731	-0.0308219	-0.0325974	-0.0126968	-0.00573797	-0.00975312	-0.028286	-0.00965034	0.0212984	0.0118106	-0.0211677	0.0113047	0.0127529	0.0375041	0.00820824	0.0174614	0.0137257	-0.0246449	0.0162482	-0.0110228	-0.0053208	-0.00880069	0.00630826	0.00727548	-0.0142294	-0.00505735	-0.00161571	0.00329182	-0.00530039	-0.00675651	0.00230455	0.00183164	-1.72429e-05	0.00158407	0.00360443	-0.00460893	-0.00910037	-0.00769905	-0.00322312	0.00642941	0.00869366	0.0133092	-0.00247969	0.00815928	0.00655382	-0.00598115	0.00320788	-0.00361936	-0.00731933	-0.00354102	-0.00298866
-0.0477066	0.650022	0.666769	0.417915	1	0.22867	-0.594774	0.844666	0.764182	0.026213	0.026379	-0.0286013	0.0468237	0.385274	-0.316066	0.369957	-0.285706	-0.0675046	0.233671	-0.0458908	0.13664	0.00773875	0.215823	0.118585	0.208001	-0.113421	0.00843267	0.165595	-0.110556	-0.0841071	-0.0199639	0.100189	-0.0437412	-0.0655264	-0.073797	0.0233897	-0.00342148	0.0808413	0.0965714	-0.0333795	-0.0295629	0.0593616	0.0113282	-0.0140432	-0.0195998	-0.0124723	-0.0144304	-0.0119038	-0.021191	0.0164843	0.00838944	-0.00311155	0.00289923	7.56358e-05	0.00215046	0.032054	0.00896899	0.0219532	0.000523736	0.023589	0.0352018	-0.0183755	-0.00956199	-0.00454333	-0.00404293	-0.0140156	0.00758328	0.00312087	-0.0101989	0.00425986	-0.0111298	0.00973273	-0.000589945	-0.000353249	-0.00226164	-0.00315799	0.00677895	0.00807934	-0.00519078	-0.00428637	0.0014122	7.12176e-05	-0.00197741	0.000356585	0.00237879	0.0142534	-0.00466	0.0142884	0.0100137	-0.00815161	0.00189722	-0.00330599	-0.00637113	-0.00264712	0.000111151
-0.0786563	0.0746298	0.212862	-0.22495	0.22867	1	0.564023	0.239031	0.237416	0.270593	0.27028	-0.273018	-0.223888	-0.0665831	0.0139464	0.0954441	0.00260314	-0.0684611	-0.0289468	-0.0335982	-0.0428544	-0.246741	-0.040543	-0.0314364	0.0165646	0.133605	0.0124394	0.0113876	-0.0017056	-0.00928605	0.0806039	0.019197	0.0262638	-0.0387055	0.0326329	0.00418643	-0.0268267	0.0418773	0.0516431	0.0184598	-0.0570863	0.0432276	0.00278751	-0.0489421	-0.0740404	-0.0468773	-0.0485263	-0.0826227	0.00682923	-0.0542225	-0.0528435	-0.0112429	-0.000805203	-0.01114	-0.0331417	-0.00301924	-0.0416399	0.00959925	-0.0114805	0.000480261	0.00799591	0.00777445	-0.0161431	-0.0092893	-0.00833737	-0.0134925	0.00405085	-0.00354921	-0.0132441	0.00789905	-0.0162929	0.00551297	0.00148648	0.0021259	-0.00058093	-0.00111495	0.00226481	0.00246891	5.69052e-05	-0.00217285	0.00100794	-0.00141002	-0.00457056	-0.00241165	-0.00236222	0.00190604	0.00733671	0.00215547	0.00752187	0.00695571	0.00564008	0.00377317	-0.000387753	0.0068081	0.00644597
-0.0158937	-0.478896	-0.372554	-0.490115	-0.594774	0.564023	1	-0.556653	-0.491775	0.179289	0.17896	-0.178334	-0.211734	-0.438665	0.319138	-0.28845	0.285156	0.0116596	-0.264081	0.0133897	-0.188185	-0.190916	-0.253574	-0.15234	-0.210786	0.232574	0.0055517	-0.185787	0.130558	0.0928196	0.0617865	-0.0602866	0.0439912	0.0132383	0.0680922	-0.0157632	-0.0399601	-0.0787409	-0.0877984	0.0554293	-0.0205104	-0.0217987	-0.0253842	-0.0268886	-0.0520825	-0.0301468	-0.0248067	-0.0488429	0.0277018	-0.0634963	-0.0469785	-0.00232327	-0.000547193	-0.0064489	-0.020959	-0.0334468	-0.0402307	-0.00970457	-0.0260953	-0.0202171	-0.0183315	0.00844502	-0.00437706	-2.84451e-05	-0.00113365	0.000757377	0.00915388	-0.00022135	0.00399173	0.00203472	0.00151893	-0.00163343	0.00277116	0.00297876	0.00509145	0.0067086	0.00309741	-0.0008902	0.00353188	0.00219691	0.00835861	-0.00144599	-0.00044997	-0.00187185	-0.00720226	-0.0221794	0.0101551	-0.0140267	-0.00618835	0.0185728	0.00594518	0.0123296	0.0063485	0.00873495	0.011916
-0.0726907	0.587725	0.594795	0.393481	0.844666	0.239031	-0.556653	1	0.868882	0.0428531	0.042948	-0.0372921	-0.0222564	0.461286	-0.293731	0.404371	-0.284085	-0.0744825	0.270751	-0.0591465	0.163919	-0.00377921	0.277803	0.161132	0.239935	-0.0747401	0.0610841	0.19678	-0.0936357	-0.0844648	-0.0100058	0.0840216	-0.0100484	-0.049771	-0.0299169	0.0179524	-0.00250116	0.109953	0.116788	-0.0154958	-0.00164832	0.041517	0.0315475	-0.0355218	-0.0422309	-0.037863	-0.0351263	-0.0134881	-0.0285003	-0.0133116	0.000738799	-0.0276456	-0.0143789	-0.0176271	-0.01703	0.00771139	-0.00904379	0.00859213	-0.0270311	0.0249305	0.0436062	-0.0259915	-0.0135459	-0.000639015	-0.00704883	0.002924	0.0187558	0.003458	-0.00749239	0.0192641	-0.00308672	0.00791496	0.00672552	0.00857064	-0.00352019	-0.00225943	0.0108515	0.00725901	-0.00474958	0.00519083	0.00595458	0.00289502	0.00176497	0.0103731	0.00518526	0.00995176	-0.00445699	0.0125992	0.00903247	7.18095e-05	0.00216469	0.0108983	0.00564224	0.00374536	0.0135933
0.0226441	0.513995	0.598965	0.348237	0.764182	0.237416	-0.491775	0.868882	1	0.0437407	0.0438784	-0.0399787	-0.0199403	0.449661	-0.268142	0.38528	-0.252675	-0.0845105	0.262569	-0.0675343	0.132706	0.061857	0.237445	0.11897	0.213048	-0.0943327	0.0712687	0.175402	-0.0598762	-0.0605385	0.0169612	0.0464014	0.0192627	-0.0247218	-0.000772727	-0.0333122	0.00619313	0.131139	0.148353	-0.00171606	-0.0164729	0.0532245	0.0364477	-0.0330287	-0.038972	-0.033787	-0.0328343	-0.00568132	-0.0312382	-0.00128604	0.0036484	-0.021577	-0.00951172	-0.0133146	-0.010624	0.0177951	-0.000384367	0.00508186	-0.0170955	0.0261955	0.0384455	-0.0180044	-0.0170047	-0.00526596	-0.00817047	-0.00701685	0.00568199	0.00104707	-0.0128032	0.0104542	-0.0104191	-0.000178515	0.00826955	0.00981877	-0.00801973	-0.00904346	-0.00214623	-0.00299461	-0.000374357	-0.00118356	-0.000269424	-0.00360731	-0.00531958	0.00668754	0.00624507	0.0136899	0.00219501	0.00533271	0.00969771	0.00572627	0.00121362	0.00209316	0.00290845	0.00286926	0.00507762
-0.0270841	-0.0262521	-0.0156894	-0.132551	0.026213	0.270593	0.179289	0.0428531	0.0437407	1	0.998071	-0.972434	-0.891664	0.114293	0.0748705	0.0730518	0.0677326	-0.146898	-0.143133	-0.116387	-0.191307	-0.0115425	-0.141159	-0.161765	-0.0343555	0.00575369	0.0144247	-0.0415309	0.040106	0.0289056	0.00621933	-0.0902031	0.0981012	0.0776662	0.0609408	-0.0727888	-0.0178008	0.0220208	0.0180005	-0.0243049	-0.0214908	0.0240978	0.00763571	0.0165185	-0.0511338	0.0157431	0.0178677	-0.019374	0.0214187	-0.00573612	0.0109681	0.0110757	0.0183626	0.0155846	0.0236816	-0.00447943	4.60965e-05	-0.00749239	-0.0166979	0.0149617	0.0183195	-0.00760318	-0.00983337	0.0104757	0.000705818	0.00402974	0.0069086	-0.000605367	0.0062314	0.011104	0.0131675	0.010664	-0.00565401	-0.00954997	0.00600927	0.00734386	0.0133959	0.0129973	-0.000365803	0.00666049	-0.00531635	-0.000660905	-0.0139456	0.00254272	0.000496807	0.000657823	-0.00680697	-0.000412761	-0.00367835	-0.00573404	-0.0013699	0.00522851	-0.00218572	0.0019136	0.00583181
-0.027168	-0.0258322	-0.0152073	-0.132261	0.026379	0.27028	0.17896	0.042948	0.0438784	0.998071	1	-0.973029	-0.891781	0.114629	0.0745332	0.0732746	0.0673789	-0.146932	-0.142853	-0.116476	-0.191409	-0.0110525	-0.141082	-0.161935	-0.0338988	0.0055383	0.0143415	-0.0412738	0.0398881	0.0286949	0.00621947	-0.0902349	0.0983062	0.077907	0.0610242	-0.0728947	-0.0176034	0.0227575	0.0187942	-0.0243734	-0.0214251	0.0242221	0.00751477	0.0165793	-0.0512916	0.0158156	0.0179422	-0.0191811	0.0215787	-0.00561264	0.0110383	0.0112983	0.0184611	0.0157958	0.0237289	-0.00440841	0.000344004	-0.00732543	-0.0165177	0.0147342	0.0181399	-0.0074911	-0.00976379	0.010281	0.000903319	0.00392474	0.00681619	-0.000389815	0.00644348	0.0112148	0.0133495	0.0109556	-0.00566885	-0.00951517	0.00604099	0.00732301	0.0134692	0.0130318	-0.000394992	0.00691563	-0.00563667	-0.000686182	-0.0143009	0.00258658	0.000611838	0.000483679	-0.00673779	-0.000619608	-0.00378294	-0.00563059	-0.00136629	0.00510929	-0.00216397	0.00155696	0.00569
0.0293646	0.0132546	0.00722771	0.127506	-0.0286013	-0.273018	-0.178334	-0.0372921	-0.0399787	-0.972434	-0.973029	1	0.866599	-0.132236	-0.0603375	-0.0717319	-0.0546825	0.148899	0.148548	0.114704	0.196252	0.00646178	0.148718	0.17052	0.0268377	0.00794229	-0.00468363	0.0316337	-0.0280783	-0.0277852	-0.0158165	0.0937957	-0.0964708	-0.0823617	-0.0658473	0.0765522	0.0156044	-0.0249214	-0.0224295	0.0276823	0.0277666	-0.0311348	-0.00725361	-0.0196505	0.0459174	-0.0215235	-0.0201801	0.0185503	-0.0249031	-0.00461093	-0.0100271	-0.0211335	-0.0248023	-0.0215585	-0.0258017	-0.00334574	-0.00591399	0.00302722	0.00297832	-0.0146718	-0.0133262	0.00207551	0.0100263	-0.00619474	-0.000893467	0.00367842	0.000577887	0.00232486	-0.00408688	-0.00576863	-0.00942625	-0.0107369	0.00844698	0.0125526	-0.00392124	-0.00391305	-0.00848284	-0.0113565	0.000152686	-0.00386223	0.00963177	0.000549177	0.0153843	0.00059922	-0.00127142	-0.00480558	0.00722508	-0.000312845	0.00289942	0.0107109	0.00241428	0.00190196	0.00532742	-0.000398638	0.00153635
0.0543955	0.0500048	0.0347949	0.125706	0.0468237	-0.223888	-0.211734	-0.0222564	-0.0199403	-0.891664	-0.891781	0.866599	1	-0.103857	-0.111519	-0.0384212	-0.0713788	0.111597	0.155202	0.0953821	0.175877	0.00336286	0.11355	0.119849	0.0294748	-0.0204213	-0.0394973	0.0386671	-0.0561939	-0.0322533	0.014969	0.0788695	-0.077857	-0.0645649	-0.0716951	0.0634325	0.00804364	-0.026559	-0.0209283	0.0306457	0.0172088	-0.0162316	-0.0146912	-0.00868713	0.059763	-0.0016746	-0.0108323	0.0164615	-0.0208873	0.0212362	-0.0102115	-0.00972771	-0.0156565	-0.012135	-0.0247619	0.00610051	0.00500629	0.00711145	0.0316298	-0.0222484	-0.02915	0.0151049	0.00677258	-0.0147676	0.00103959	-0.00996387	-0.0146082	-0.000906308	-0.00864936	-0.0142913	-0.0138984	-0.0127594	0.00925693	0.0105213	-0.01144	-0.0136569	-0.0176383	-0.0147257	-0.000805032	-0.00792988	0.00150706	0.00271905	0.0119885	-0.00438036	0.00162471	0.00417676	0.00584092	0.00256107	0.00634456	-0.00167106	0.00133002	-0.0153999	-0.0012699	-0.00536912	-0.0141822
0.00814097	0.331167	0.264892	0.314611	0.385274	-0.0665831	-0.438665	0.461286	0.449661	0.114293	0.114629	-0.132236	-0.103857	1	-0.498903	0.567656	-0.488317	0.00313344	0.356982	0.0263109	0.261255	-0.112006	0.293176	0.229069	0.314466	-0.221141	-0.07495	0.295781	-0.271606	-0.218569	-0.12565	0.0305955	-0.1032	0.00149053	-0.0638588	-0.0329987	0.089281	0.1267	0.135056	-0.0916438	-0.0377574	0.0626153	0.0129456	-0.0055465	0.000882702	0.00171232	-0.00881534	-0.024642	-0.0333323	0.0281069	-0.00438443	-0.00131147	-0.00435217	-0.0128726	-0.00924253	0.042244	0.0194403	0.012142	0.0214749	0.0169769	0.00866037	0.00315822	-0.0200416	-0.0142332	-0.00690309	-0.0251932	-0.00752197	0.00878758	-0.00280951	-0.00953619	-0.00636177	-4.65608e-05	-0.00757339	-0.00861504	0.00198946	-0.00160842	-0.00529352	0.00197995	0.00469211	-0.00605464	-0.0248887	-0.0078277	-0.0142012	0.00162576	0.0125006	0.0281769	0.00299537	0.00522711	0.0108261	-0.00838286	-0.00411428	-0.0184555	-0.00239887	0.0044483	-0.0208521
0.0271536	-0.244618	-0.235804	-0.154419	-0.316066	0.0139464	0.319138	-0.293731	-0.268142	0.0748705	0.0745332	-0.0603375	-0.111519	-0.498903	1	-0.52078	0.945292	-0.534575	-0.325832	-0.504297	-0.47482	0.176328	-0.200141	-0.404895	-0.222825	0.452421	0.457181	-0.211826	0.55175	0.502956	0.283279	0.0119605	0.226689	-0.0503198	0.08131	0.0560798	-0.243885	-0.0639531	-0.0615287	0.231161	-0.00446954	-0.137451	-0.0186623	-0.00896196	-0.00101794	-0.0121534	-0.00576176	0.028753	0.00987425	-0.000306493	0.00800973	-0.0170493	-0.0176931	-0.00573737	-0.00448475	-0.0179408	0.00199555	0.00485598	-0.00922536	-0.0205895	-0.00774225	-0.0252988	0.0233665	0.0116752	0.00411713	0.00841944	0.0210032	-0.000589205	0.00190996	0.00666699	0.00123666	-0.00146153	0.00242583	0.00357527	-0.00153077	0.00125026	0.000299656	-0.005865	0.00376335	0.00184645	0.0170876	0.00301099	0.0112282	-0.00104699	-0.00933551	-0.0233791	-0.00486968	-0.0068312	-0.0107942	0.00322897	-8.2688e-05	0.0161274	0.00550683	-0.00145015	0.0154034
0.0086278	0.280397	0.244133	0.144959	0.369957	0.0954441	-0.28845	0.404371	0.38528	0.0730518	0.0732746	-0.0717319	-0.0384212	0.567656	-0.52078	1	-0.518057	-0.230085	0.672845	-0.158389	0.274879	-0.119323	0.393361	0.238439	0.374245	-0.191914	0.0301426	0.336066	-0.214859	-0.182413	-0.106267	0.0051744	-0.0581908	0.0202026	0.0640471	-0.0023936	0.0321701	0.169814	0.153863	-0.0318135	0.0336382	0.066308	0.0105295	0.00751567	0.0114002	0.00938449	0.00706851	-0.0104516	-0.0140292	0.0056239	0.00378071	-0.0203713	-0.0107301	-0.0131968	-0.0177697	0.0114617	-0.0117791	-0.0134701	0.00138908	0.00283634	0.00527818	0.0410132	-0.00798325	0.0018954	0.00475774	-0.0105186	0.00649138	0.00729288	-0.00498543	-0.00256135	-0.00222933	-0.00401242	0.00322332	0.00230543	0.00518407	0.00393591	-0.00112194	0.00140271	0.00446105	-0.00745822	-0.0131777	-0.0116413	-0.0100768	-0.00375632	-0.00140109	0.00581003	0.00172113	0.00273833	0.00534612	-0.00313496	0.000206745	-0.00293364	-0.000168639	0.00466048	-0.00333467
0.0334363	-0.216868	-0.20466	-0.120184	-0.285706	0.00260314	0.285156	-0.284085	-0.252675	0.0677326	0.0673789	-0.0546825	-0.0713788	-0.488317	0.945292	-0.518057	1	-0.596757	-0.31353	-0.558513	-0.518074	0.18263	-0.193471	-0.443365	-0.215065	0.459263	0.477072	-0.198725	0.563482	0.515989	0.318905	0.0258514	0.249313	-0.0419478	0.0693376	0.0601943	-0.264512	-0.0618237	-0.0588878	0.253534	0.00258714	-0.130016	-0.0114661	-0.0059997	0.00348347	-0.00890486	-0.00294255	0.0307209	0.0157787	0.00892996	0.0110817	-0.00880689	-0.0100988	0.00397956	0.00345093	-0.0137295	0.00546491	0.00266497	-0.00642604	-0.0156715	-0.00334497	-0.020382	0.0238627	0.0134952	0.00821585	0.0124778	0.0127986	-0.00347905	-0.000731432	0.00677939	0.000779499	-0.00266636	0.00669746	0.00611389	-0.00386674	-0.00140094	-0.000828771	-0.00637662	0.00194625	0.0028616	0.0157345	0.00481568	0.0124943	-0.000442404	-0.00728604	-0.0234199	-0.000425628	-0.0112366	-0.0112258	0.00658065	-0.000902627	0.0136636	0.00414821	-0.00361106	0.0119973
-0.0334891	-0.0699296	-0.0408158	-0.0456429	-0.0675046	-0.0684611	0.0116596	-0.0744825	-0.0845105	-0.146898	-0.146932	0.148899	0.111597	0.00313344	-0.534575	-0.230085	-0.596757	1	-0.196952	0.839781	0.355528	-0.110617	-0.166304	0.310056	-0.136003	-0.314178	-0.560632	-0.127382	-0.416286	-0.408136	-0.298324	-0.123102	-0.193377	0.0915629	-0.09507	-0.0949904	0.292167	-0.0712675	-0.0653663	-0.23056	0.0439883	0.0797683	0.0118171	-0.00900113	-0.0290846	-0.0111435	-0.00913349	-0.0207681	-0.00582355	-0.0371979	-0.0153828	0.0200163	0.0109362	-0.00101603	0.0108036	-0.0170964	-0.0357972	-0.0212726	-0.0183716	0.0147783	0.00942845	-0.0197091	-0.0156429	-0.00841173	-0.0147554	0.00770538	-0.00203227	-0.000282809	0.00265808	0.00836876	0.00223635	0.00695651	-0.00217282	-0.00070765	0.00432152	0.00539728	0.0116721	0.00921588	-0.00725404	0.0108803	0.00445431	0.00592849	-0.00260707	0.0103708	0.00717818	0.00458288	-0.00171872	0.00671381	0.00405256	0.00593705	0.00402491	0.00136506	0.00233242	0.0015364	0.00487144
0.00570512	0.196964	0.164893	0.161909	0.233671	-0.0289468	-0.264081	0.270751	0.262569	-0.143133	-0.142853	0.148548	0.155202	0.356982	-0.325832	0.672845	-0.31353	-0.196952	1	-0.202845	0.441111	-0.128582	0.653982	0.396945	0.505465	-0.230006	0.0840193	0.456448	-0.24741	-0.221941	-0.0780765	0.0974006	-0.0940025	-0.0438744	0.076302	0.0719954	-0.00691176	0.161238	0.143529	0.00927387	0.0439282	0.067392	0.00249714	0.00504986	0.0444589	0.00497925	0.00519382	0.0210794	-0.0247674	0.0190924	-0.00193784	-0.0106055	-0.0257394	-0.0115299	-0.0283489	-0.00676475	-0.0247741	0.00451903	0.0154521	-0.00801594	-0.0011819	0.03437	0.0163013	0.00327381	0.00286186	0.00562628	-0.00338004	0.0115836	-0.00816077	0.00131088	-0.011002	-0.00360437	0.00994341	0.0105451	0.000184792	0.000141489	-0.00100127	-3.41623e-05	0.00585248	-0.00270829	-0.00680299	-0.00745775	0.00239403	-0.00220373	-0.00242522	-0.00952578	0.00222491	0.00325692	0.00613415	-0.00280975	0.00514141	-0.00217082	0.00285686	0.00291615	-0.000321847
-0.0374523	-0.0528012	-0.029704	-0.0507389	-0.0458908	-0.0335982	0.0133897	-0.0591465	-0.0675343	-0.116387	-0.116476	0.114704	0.0953821	0.0263109	-0.504297	-0.158389	-0.558513	0.839781	-0.202845	1	0.409573	-0.115025	-0.199308	0.359366	-0.162426	-0.388851	-0.667199	-0.144507	-0.496917	-0.479943	-0.330167	-0.102856	-0.242804	0.0880606	-0.0839567	-0.0946404	0.313323	-0.0742953	-0.065803	-0.249891	0.0398744	0.0966956	0.00709239	0.00650064	-0.00598301	0.0076251	0.00509221	-0.029144	0.0071515	-0.0325093	-0.0148715	0.0409213	0.0266112	0.0117221	0.0265531	-0.0140137	-0.0332673	-0.0193642	-0.00760706	0.0123582	0.000706818	-0.0182578	-0.0169508	-0.0109175	-0.0169751	-0.00162728	-0.0046405	-0.00134744	0.000338276	0.00630785	0.000752973	0.0091115	-0.00319631	-0.00159791	0.00351717	0.00376874	0.00986218	0.0108899	-0.00817153	0.00782874	-0.00169599	0.00406665	-0.00567615	0.00741096	0.00819573	0.00684144	-0.000465341	0.00737311	0.00755609	0.00184161	0.00383777	-0.00223023	-0.00411742	5.02341e-05	0.00168784
-0.0164873	0.0991307	0.0845721	0.0719633	0.13664	-0.0428544	-0.188185	0.163919	0.132706	-0.191307	-0.191409	0.196252	0.175877	0.261255	-0.47482	0.274879	-0.518074	0.355528	0.441111	0.409573	1	-0.170601	0.472385	0.890646	0.38148	-0.53837	-0.394025	0.353877	-0.609115	-0.576249	-0.242688	0.11113	-0.244615	-0.0725602	-0.0130584	0.00954278	0.227441	0.128621	0.124563	-0.234726	-0.0403247	0.149123	0.0124576	-0.0380602	-0.0155914	-0.0368069	-0.0400591	0.00635167	-0.0515896	-0.0196635	-0.0383581	-0.0199869	-0.0298853	-0.026778	-0.047942	-0.0218129	-0.0235221	0.0152113	0.0129994	-0.0138008	-0.0124639	0.0160353	0.00749245	-0.0247143	-0.0229973	-0.000744246	-0.00613126	0.0079169	0.000267004	-0.00495218	0.000700984	-0.0080893	-0.00251629	-0.0015936	0.00838966	0.0082602	-0.00459877	-0.00342417	0.00634961	-0.00413551	-0.0111483	-0.0127631	-0.00827717	-0.00498062	-0.00488828	-2.42397e-05	0.00287568	0.00626813	0.00764462	0.00225785	0.0060624	-0.00211652	0.00477118	0.00291775	0.00211563
0.0919797	-0.0288859	0.0150964	-0.0871528	0.00773875	-0.246741	-0.190916	-0.00377921	0.061857	-0.0115425	-0.0110525	0.00646178	0.00336286	-0.112006	0.176328	-0.119323	0.18263	-0.110617	-0.128582	-0.115025	-0.170601	1	-0.10475	-0.183943	-0.103586	-0.145358	0.134151	-0.0903783	0.19397	0.20453	0.146469	0.000198896	0.168714	0.0266283	0.141278	0.0177818	-0.0971437	0.0578257	0.0360172	0.0677354	0.0512129	-0.0284034	-0.0132242	0.0430289	0.0275405	0.0431499	0.0422781	0.0730643	0.0112892	0.0664776	0.0829687	0.00976408	0.016651	0.0160723	0.0673023	0.0122901	0.0628267	-0.0254655	-0.00505648	-0.0405688	-0.0284418	0.0235616	-0.0137822	0.0136067	0.0117887	-0.0016693	-0.00337663	-0.0117773	0.00486703	-0.000581547	0.0109101	0.00648602	-0.00307769	-0.00292822	-0.0055234	-0.00593074	-0.0045936	-0.00300405	-0.0036411	-0.00344924	0.0126019	0.0114805	0.0061701	-0.00496205	-0.00314284	0.00259186	-0.00392447	-0.00355444	-0.00653663	-0.0106599	-0.00958473	-0.00699446	-0.0104011	-0.0125692	-0.00929772
-0.0445942	0.213355	0.174297	0.18397	0.215823	-0.040543	-0.253574	0.277803	0.237445	-0.141159	-0.141082	0.148718	0.11355	0.293176	-0.200141	0.393361	-0.193471	-0.166304	0.653982	-0.199308	0.472385	-0.10475	1	0.546733	0.765138	-0.27178	0.226021	0.69995	-0.307717	-0.287305	-0.0542623	0.252647	-0.152491	-0.183648	-0.00850579	0.101227	-0.0636616	0.162942	0.1391	-0.0391677	-0.112202	0.0736301	0.0068901	-0.00236317	0.0413573	-0.00486358	-0.00225043	0.0386786	-0.0219542	0.0163233	-0.00421627	-0.0122672	-0.0241953	-0.0048201	-0.0360559	-0.0149708	0.00495108	0.0405308	0.0109449	-0.00477735	0.000964809	-0.0204128	0.0293913	0.00186434	-0.000378216	0.0165377	0.00219898	0.0209923	0.00303257	-0.00315398	0.00993786	-0.00877151	0.00828406	0.00743882	0.00583643	0.00731367	0.000579452	-0.0027707	0.00698005	0.00226002	-0.00696214	-0.0103402	-0.00250076	0.00312195	-0.00180493	-0.0102815	0.00485089	-0.00340972	-0.00206972	0.00819976	0.00319522	0.0115192	0.0117347	0.00298227	0.00890904
-0.0367559	0.0951281	0.0890992	0.0711024	0.118585	-0.0314364	-0.15234	0.161132	0.11897	-0.161765	-0.161935	0.17052	0.119849	0.229069	-0.404895	0.238439	-0.443365	0.310056	0.396945	0.359366	0.890646	-0.183943	0.546733	1	0.425578	-0.57162	-0.388639	0.38975	-0.637171	-0.618369	-0.273452	0.123152	-0.257607	-0.0906775	-0.0321202	0.0230775	0.242066	0.137818	0.131214	-0.255443	-0.0400665	0.140196	0.00554682	-0.0430582	-0.0221507	-0.0463589	-0.0433687	0.0125643	-0.0524993	-0.0255227	-0.0370289	-0.0265122	-0.0344674	-0.0272736	-0.0525614	-0.0339428	-0.0270522	0.0169989	-0.00501369	-0.0173063	-0.00714297	0.0120675	0.0110112	-0.0132322	-0.0197089	0.0113997	0.00588625	0.0095527	0.0038326	0.00528955	0.00531699	-0.00549575	0.00477672	0.00527678	0.00899592	0.0104619	0.00486191	0.00183442	0.0043008	0.00142714	-0.00369861	-0.0108857	-0.00316884	9.94231e-05	-0.00561808	-0.0107564	0.00595437	0.000523785	0.00399221	0.0129484	0.00778744	0.00769638	0.0115738	0.00421644	0.0100551
-0.0321562	0.239234	0.194893	0.153416	0.208001	0.0165646	-0.210786	0.239935	0.213048	-0.0343555	-0.0338988	0.0268377	0.0294748	0.314466	-0.222825	0.374245	-0.215065	-0.136003	0.505465	-0.162426	0.38148	-0.103586	0.765138	0.425578	1	-0.402804	0.226697	0.902994	-0.449353	-0.398341	-0.054586	0.201984	-0.191906	-0.14957	-0.00458844	0.0406531	-0.0614067	0.157968	0.141736	-0.060696	-0.136868	0.0931565	0.007469	0.0127041	0.010516	0.0172434	0.0122094	0.0217341	-0.020065	0.0371382	0.00182872	-0.00271721	-0.0147475	-0.00462732	-0.0258542	0.0120457	0.014873	0.038486	0.0338727	0.00854305	-0.00361386	-0.00367841	0.0178465	-0.0088083	-0.00558837	-0.0133372	-0.00595897	0.010905	-0.00251006	-0.0119382	0.00238713	-0.009467	0.000265223	-0.00081382	0.00181226	0.000147471	-0.00829541	-0.00516764	0.00256551	-0.00248578	-0.0145721	-0.00607108	-0.0120034	-0.000107069	0.0038868	0.00362994	0.00870385	-0.0062332	-0.000778692	0.00143563	0.000736667	-0.00953701	0.00687261	0.00229952	-0.0127457
0.0240308	-0.0903866	-0.10758	0.0206949	-0.113421	0.133605	0.232574	-0.0747401	-0.0943327	0.00575369	0.0055383	0.00794229	-0.0204213	-0.221141	0.452421	-0.191914	0.459263	-0.314178	-0.230006	-0.388851	-0.53837	-0.145358	-0.27178	-0.57162	-0.402804	1	0.576669	-0.392288	0.78902	0.72314	0.355393	0.00477751	0.266845	-0.0516799	0.00331536	0.0967212	-0.269299	-0.122857	-0.116778	0.275223	0.0178441	-0.133626	0.00631786	-0.0465435	-0.0211104	-0.0522971	-0.0443045	-0.0373177	0.0248744	-0.0434582	-0.0390932	-0.0215954	-0.00391717	0.000731752	-0.0299748	-0.0127908	-0.0290241	-0.00486518	-0.0288608	0.0140787	0.02902	-0.0192063	0.0123473	0.0125947	0.0190321	0.0165782	0.0222507	-0.00319367	0.00314197	0.013655	-0.000222192	-0.000849989	0.00681441	0.00854432	-0.00043992	0.00326983	0.00520439	-0.00234907	0.0123709	-0.000631899	0.0132558	-0.00252143	0.00779001	0.0024947	-0.00712599	-0.0124319	0.00227593	-0.00446095	-0.00205592	0.0149085	0.00297562	0.0177894	0.00923231	0.00625551	0.0194699
0.046827	0.0391405	0.0308375	0.0580467	0.00843267	0.0124394	0.0055517	0.0610841	0.0712687	0.0144247	0.0143415	-0.00468363	-0.0394973	-0.07495	0.457181	0.0301426	0.477072	-0.560632	0.0840193	-0.667199	-0.394025	0.134151	0.226021	-0.388639	0.226697	0.576669	1	0.245494	0.698006	0.652688	0.47775	0.117193	0.308148	-0.110036	0.118032	0.0767851	-0.431722	-0.00759346	-0.0234263	0.321631	-0.0542061	-0.106529	0.00958299	-0.00691376	0.0051913	-0.012313	-0.00445414	0.0336121	-0.0115747	0.0228164	0.0185829	-0.0452364	-0.0354681	-0.0207277	-0.0264172	0.00295023	0.0264262	0.00822508	-0.0131909	0.00960062	0.0194391	-0.0252958	0.0183824	0.0156244	0.0186981	0.0136651	0.012007	-0.00415268	0.00660363	0.00555852	0.0052907	-0.00608038	0.00664695	0.00807546	-0.00255107	0.000178768	-0.000986279	-0.00730689	0.00909183	-0.00263608	0.00721104	-0.0052395	-0.00240589	0.00110366	-0.00602876	-0.015888	0.0064192	-0.0153522	-0.0119487	0.0144293	-0.00395908	0.0106313	0.0177688	0.00563906	0.00757687
-0.0262273	0.207264	0.165404	0.134049	0.165595	0.0113876	-0.185787	0.19678	0.175402	-0.0415309	-0.0412738	0.0316337	0.0386671	0.295781	-0.211826	0.336066	-0.198725	-0.127382	0.456448	-0.144507	0.353877	-0.0903783	0.69995	0.38975	0.902994	-0.392288	0.245494	1	-0.490509	-0.45075	-0.0624871	0.229027	-0.215561	-0.167757	-0.0173235	0.033532	-0.0536651	0.155543	0.13872	-0.0454002	-0.161842	-0.00880673	0.0156742	0.0234253	0.020335	0.0252544	0.021583	0.0190165	-0.0199474	0.0488656	0.00611853	0.0005193	-0.0109336	-0.000942783	-0.0191	0.0226107	0.0270218	0.0395832	0.040429	0.00214482	-0.0135787	0.00438362	0.0120544	-0.007857	-0.0015074	-0.0146738	-0.0121522	0.00716526	-0.00404463	-0.0162835	-0.000532256	-0.0112543	0.00062482	-0.000504197	-0.00270901	-0.00481636	-0.0115963	-0.00672612	0.000145976	-0.00478102	-0.0164798	-0.00587245	-0.0105123	-0.00165338	0.0051158	0.00962014	0.0102013	-0.00574215	0.000822192	0.00065205	0.00154672	-0.0129638	0.00840186	0.00215183	-0.0177381
0.0599001	-0.10757	-0.0865225	-0.0402243	-0.110556	-0.0017056	0.130558	-0.0936357	-0.0598762	0.040106	0.0398881	-0.0280783	-0.0561939	-0.271606	0.55175	-0.214859	0.563482	-0.416286	-0.24741	-0.496917	-0.609115	0.19397	-0.307717	-0.637171	-0.449353	0.78902	0.698006	-0.490509	1	0.931865	0.489961	-0.0575524	0.435929	0.0237578	0.124218	0.0452982	-0.347397	-0.120435	-0.121828	0.316321	0.0608412	-0.0731069	-0.00377787	-0.0138048	0.00230772	-0.0175297	-0.010758	0.0158357	0.00380873	-0.00231912	0.012871	-0.0346226	-0.0205382	-0.0128369	-0.00853094	-0.00353815	0.00895571	-0.0187434	-0.0242452	0.0066074	0.0223037	-0.0213779	0.00956965	0.0155082	0.0185847	0.0153841	0.0102558	-0.0102871	0.00677001	0.0103433	0.00165679	0.00216226	0.0017153	0.00390297	-0.0016243	0.000708633	0.00275519	-0.0031532	0.0080212	-0.00226298	0.0132248	-0.00116443	0.00375992	-0.00014794	-0.00676478	-0.0152458	-0.00114065	-0.00857244	-0.00933151	0.00719294	-0.00548307	0.0117007	0.0055729	0.00225982	0.0113217
0.0576875	-0.0757832	-0.0648941	-0.0198806	-0.0841071	-0.00928605	0.0928196	-0.0844648	-0.0605385	0.0289056	0.0286949	-0.0277852	-0.0322533	-0.218569	0.502956	-0.182413	0.515989	-0.408136	-0.221941	-0.479943	-0.576249	0.20453	-0.287305	-0.618369	-0.398341	0.72314	0.652688	-0.45075	0.931865	1	0.544161	-0.0277297	0.440162	-0.00724127	0.122615	0.0847128	-0.389348	-0.121685	-0.120224	0.330818	0.04535	-0.0498074	-0.00629025	-0.00824273	0.0148846	-0.00579523	-0.0065882	0.0164045	0.00521328	0.0184959	0.0158981	-0.026023	-0.0169773	-0.0106865	-0.00866766	0.0140724	0.0227316	-0.0135988	0.00203164	-0.00603551	0.00197611	-0.0155594	0.00984233	0.00260051	0.012718	-0.00164107	0.00123417	-0.0115805	0.00227313	-0.000802483	-0.00682707	0.00232139	-0.00846955	-0.00639908	0.000152042	0.000529767	-0.0047598	-0.00576919	0.00943617	-0.00661725	0.000452282	-0.00452209	5.51315e-05	-0.0042977	-0.00353313	-0.0082845	-0.00159146	-0.00571638	-0.00617435	-0.00212224	-0.00715659	-0.00160679	-0.0016324	-0.00132521	-0.00222714
0.0348242	-0.00451957	0.0443392	-0.0512362	-0.0199639	0.0806039	0.0617865	-0.0100058	0.0169612	0.00621933	0.00621947	-0.0158165	0.014969	-0.12565	0.283279	-0.106267	0.318905	-0.298324	-0.0780765	-0.330167	-0.242688	0.146469	-0.0542623	-0.273452	-0.054586	0.355393	0.47775	-0.0624871	0.489961	0.544161	1	0.205021	0.5562	-0.200357	0.160513	0.142542	-0.489162	-0.00967149	-0.0212678	0.263188	-0.0901017	0.102896	0.0312339	0.0176889	0.0375879	0.0219399	0.0173642	0.053117	-0.0047092	0.0613951	0.0107878	0.0021918	-0.0189484	0.00374003	-0.00730958	0.0341791	0.0516232	0.0404489	0.0520625	0.0243405	0.0228076	0.000835595	0.0361489	-0.00277242	0.00831894	-0.00257567	-0.0357286	-0.0104844	0.00184439	-0.0120937	-0.00663323	-0.00429345	-0.0142129	-0.016415	-4.52887e-05	-0.0023039	-0.0132014	-0.00865555	0.0132845	-0.0115669	-0.0161404	-0.0109012	-0.0089292	-0.00664203	0.000685277	0.00169703	0.00898395	-0.0176768	-0.0114272	0.00123542	-0.0162203	-0.0135401	0.00619745	0.000779584	-0.0172042
0.0117375	0.125235	0.12458	0.120816	0.100189	0.019197	-0.0602866	0.0840216	0.0464014	-0.0902031	-0.0902349	0.0937957	0.0788695	0.0305955	0.0119605	0.0051744	0.0258514	-0.123102	0.0974006	-0.102856	0.11113	0.000198896	0.252647	0.123152	0.201984	0.00477751	0.117193	0.229027	-0.0575524	-0.0277297	0.205021	1	-0.401474	-0.801927	-0.321273	0.586795	-0.181626	-0.0427677	-0.035601	0.0379349	-0.194512	-0.00500408	-0.0142515	-0.043375	0.0213971	-0.044514	-0.0457767	-0.0118056	0.00458457	-0.021388	-0.0314999	-0.0224663	0.0110227	5.74185e-05	-0.0279538	-0.00737808	0.0256181	0.0378145	-0.00614253	-0.0175663	-0.00344653	-0.0225717	-0.00993318	-0.00859482	0.00109045	0.00404796	-0.00217977	0.0152006	0.000192422	-0.00961839	-0.00783252	-0.00407355	-0.00295559	-0.00311516	0.00325711	0.00265015	0.00384388	0.00486688	-0.000396363	-0.00386574	-0.00602989	-0.00831095	0.00724677	-0.00375076	-0.00398892	0.00220253	0.00701827	-0.00279842	-0.000603096	0.0106182	0.00373347	0.00440086	0.00647808	0.0112031	-0.00400625
0.0580012	-0.0811177	-0.0485695	-0.113627	-0.0437412	0.0262638	0.0439912	-0.0100484	0.0192627	0.0981012	0.0983062	-0.0964708	-0.077857	-0.1032	0.226689	-0.0581908	0.249313	-0.193377	-0.0940025	-0.242804	-0.244615	0.168714	-0.152491	-0.257607	-0.191906	0.266845	0.308148	-0.215561	0.435929	0.440162	0.5562	-0.401474	1	0.464118	0.377336	-0.326613	-0.317286	0.129724	0.116751	0.27292	0.188025	0.0260578	0.0624519	0.0402291	0.0142591	0.0374595	0.0419759	0.0416418	0.0147143	0.0549455	0.0331326	-0.00234952	-0.019704	0.00402607	0.00653138	0.0134947	0.0321706	0.00417406	0.0281259	0.0155447	0.0226096	0.00990976	0.0406546	0.0204062	0.01686	0.020992	-0.0227053	-0.0140165	0.00509739	0.00880754	0.00632782	0.00396992	-0.00127647	-0.00252015	-0.00197508	-0.00195961	-0.00136499	-0.00242513	0.00812918	-0.0011091	-0.00288666	-0.00271825	-0.0103574	0.0035335	0.00246795	-0.00361256	-0.00402295	-0.0113256	-0.016875	-0.0061321	-0.0232773	-0.00125625	-0.000134555	-0.00530417	0.00104557
-0.00752761	-0.0941378	-0.100343	-0.0731584	-0.0655264	-0.0387055	0.0132383	-0.049771	-0.0247218	0.0776662	0.077907	-0.0823617	-0.0645649	0.00149053	-0.0503198	0.0202026	-0.0419478	0.0915629	-0.0438744	0.0880606	-0.0725602	0.0266283	-0.183648	-0.0906775	-0.14957	-0.0516799	-0.110036	-0.167757	0.0237578	-0.00724127	-0.200357	-0.801927	0.464118	1	0.435796	-0.498059	0.179927	0.0698506	0.0622695	0.0703559	0.424869	0.023125	0.0310243	0.0588982	0.00440892	0.0599381	0.060588	0.00496528	0.0137163	0.0415659	0.039896	0.0260861	-0.00554764	0.00224249	0.0338226	0.0167597	-0.00958295	-0.0264748	0.0131119	0.0258682	0.0101499	0.0315714	0.013343	0.017249	0.00315501	0.00335206	-0.00284868	-0.0138953	0.000999031	0.0118612	0.00887771	0.00727243	0.0048014	0.0067554	-0.00312855	-0.003446	-7.71082e-05	0.000728366	-0.00378062	0.0074946	0.000196475	0.0128558	-0.00669742	0.00616402	0.00644505	0.0067343	-0.0109959	0.00659901	-0.000665051	-0.0181498	-0.00951916	-0.00702995	-0.0116416	-0.0125929	-0.000412343
-0.0134495	-0.0631531	-0.0515907	-0.0996068	-0.073797	0.0326329	0.0680922	-0.0299169	-0.000772727	0.0609408	0.0610242	-0.0658473	-0.0716951	-0.0638588	0.08131	0.0640471	0.0693376	-0.09507	0.076302	-0.0839567	-0.0130584	0.141278	-0.00850579	-0.0321202	-0.00458844	0.00331536	0.118032	-0.0173235	0.124218	0.122615	0.160513	-0.321273	0.377336	0.435796	1	-0.135965	-0.193629	-0.0441176	-0.0605455	0.356181	0.317708	0.0749092	0.0269523	0.0753448	0.0419636	0.0743682	0.0775966	0.0388089	0.053431	0.0477683	0.00561429	0.0549912	0.0265646	0.0406268	0.0420342	-0.00256678	-0.00764168	-0.0071334	0.0375507	0.0179906	0.0311628	0.0378236	0.0387287	0.0250398	0.0142471	0.00466692	-0.0168878	-0.0246973	-0.000875113	0.00679492	-0.00109905	-0.00104914	0.000496895	0.00128417	-0.00432319	-0.00584596	-8.42118e-05	0.0023129	-0.0101091	0.0010763	0.0039862	0.0108609	-0.00329913	0.0012907	0.00355178	-0.00197375	-0.00161203	-0.0104189	-0.0164181	-0.00792917	-0.0121404	-0.0104749	-0.000717358	-0.00308388	-0.00912251
0.00280846	0.0637255	0.0588485	0.0616773	0.0233897	0.00418643	-0.0157632	0.0179524	-0.0333122	-0.0727888	-0.0728947	0.0765522	0.0634325	-0.0329987	0.0560798	-0.0023936	0.0601943	-0.0949904	0.0719954	-0.0946404	0.00954278	0.0177818	0.101227	0.0230775	0.0406531	0.0967212	0.0767851	0.033532	0.0452982	0.0847128	0.142542	0.586795	-0.326613	-0.498059	-0.135965	1	-0.158658	-0.0551389	-0.0491645	0.113609	0.0710156	-0.0534692	-0.0285909	-0.0289787	0.0454217	-0.0295826	-0.0286104	0.00144463	-0.0140931	-0.00753244	-0.0195382	-0.0101065	-0.00873071	-0.00673419	-0.0262389	-0.00326714	-0.0164244	0.00803789	-0.000604915	-0.0267333	-0.000600325	-0.0280289	-3.18031e-06	-0.014608	-0.00792473	0.00505414	0.0206605	0.00469833	-0.00307466	-0.00127599	-0.00340182	0.0061021	-0.00668338	-0.00524613	0.00132814	0.00272144	0.0131331	0.0131337	-0.00555118	-0.00075172	0.00338655	0.00311163	0.0205857	-0.0023526	-0.00398221	0.00422626	-0.00938729	0.00888577	0.000103366	-0.00730094	0.00551152	-0.00284121	-0.00431597	-0.00596385	-0.0051783
0.00166194	-0.0319067	-0.0161193	-0.0420913	-0.00342148	-0.0268267	-0.0399601	-0.00250116	0.00619313	-0.0178008	-0.0176034	0.0156044	0.00804364	0.089281	-0.243885	0.0321701	-0.264512	0.292167	-0.00691176	0.313323	0.227441	-0.0971437	-0.0636616	0.242066	-0.0614067	-0.269299	-0.431722	-0.0536651	-0.347397	-0.389348	-0.489162	-0.181626	-0.317286	0.179927	-0.193629	-0.158658	1	0.303663	0.279245	-0.578703	0.117528	-0.077975	0.017093	-0.0593228	-0.0740226	-0.0560894	-0.0615103	-0.0432901	-0.0332848	-0.0468481	0.00188277	-0.0101195	-3.56544e-05	-0.0153407	-0.011429	-0.0293901	-0.0327771	-0.0256013	-0.0242484	-0.0131032	-0.0184146	0.038388	-0.0345412	-0.00438101	-0.0175044	0.00947291	-0.00595418	-0.00622091	-0.0164553	0.0203749	-0.0170359	0.00560995	0.0175366	0.0194842	-0.0102438	-0.010815	0.00210701	0.00232005	-0.0144513	0.0142064	0.00274481	0.0167843	0.00437534	0.0032057	0.00366362	0.0151987	-0.00244023	0.00952596	0.00731568	-0.00291671	-0.00152899	0.00562036	-0.000424988	0.00429619	0.00643308
0.0616796	-0.00342114	0.0210141	-0.0494471	0.0808413	0.0418773	-0.0787409	0.109953	0.131139	0.0220208	0.0227575	-0.0249214	-0.026559	0.1267	-0.0639531	0.169814	-0.0618237	-0.0712675	0.161238	-0.0742953	0.128621	0.0578257	0.162942	0.137818	0.157968	-0.122857	-0.00759346	0.155543	-0.120435	-0.121685	-0.00967149	-0.0427677	0.129724	0.0698506	-0.0441176	-0.0551389	0.303663	1	0.916996	-0.216661	0.0475063	-0.0261771	0.0638302	0.0466054	0.0299174	0.0465281	0.0475468	-0.00751343	0.0247108	0.0246027	0.0276832	-0.00100783	0.0252131	0.0238856	0.0189534	0.0153065	0.0194136	0.00702218	-0.0111033	0.025671	0.0362323	0.00425694	-0.0145017	0.0204725	0.0114533	0.00883727	-0.0191419	0.00749553	-0.015766	0.00226672	-0.00251477	-0.0130635	0.0175332	0.0171478	-0.0144292	-0.0157046	-0.0117543	-0.011861	0.00150621	0.000422958	-0.00783777	-0.00429605	-0.0146503	-0.000445058	-0.00124973	0.00115489	-0.000631334	-0.00451018	-0.00480623	-0.00412054	-0.00807635	-0.00163919	0.0186031	0.00838146	0.000320713
0.0681272	0.00990243	0.0354426	-0.0370904	0.0965714	0.0516431	-0.0877984	0.116788	0.148353	0.0180005	0.0187942	-0.0224295	-0.0209283	0.135056	-0.0615287	0.153863	-0.0588878	-0.0653663	0.143529	-0.065803	0.124563	0.0360172	0.1391	0.131214	0.141736	-0.116778	-0.0234263	0.13872	-0.121828	-0.120224	-0.0212678	-0.035601	0.116751	0.0622695	-0.0605455	-0.0491645	0.279245	0.916996	1	-0.205489	0.0432041	-0.0231994	0.0693973	0.0580025	0.04139	0.0581914	0.0587633	-0.00611192	0.0331084	0.0328713	0.0310313	0.00829068	0.0356018	0.033788	0.0290282	0.0227748	0.0256885	0.0113144	-0.0080326	0.0102313	0.0239676	0.00511872	-0.014366	0.0138293	0.00454299	0.00628386	-0.0212488	0.00882165	-0.0174355	0.0028032	-0.00554873	-0.010514	0.0166502	0.0166822	-0.0154062	-0.0166318	-0.0118829	-0.0109766	0.000518043	0.00178852	-0.0126696	-0.00470205	-0.0181117	0.00095032	0.00135214	0.00457043	-0.00212618	-0.00073189	-0.000457557	-0.00406645	-0.00690838	-0.00722583	0.0198174	0.00647056	-0.00564826
0.0174848	0.00471455	-0.0148201	0.0392226	-0.0333795	0.0184598	0.0554293	-0.0154958	-0.00171606	-0.0243049	-0.0243734	0.0276823	0.0306457	-0.0916438	0.231161	-0.0318135	0.253534	-0.23056	0.00927387	-0.249891	-0.234726	0.0677354	-0.0391677	-0.255443	-0.060696	0.275223	0.321631	-0.0454002	0.316321	0.330818	0.263188	0.0379349	0.27292	0.0703559	0.356181	0.113609	-0.578703	-0.216661	-0.205489	1	0.348456	-0.0760307	-0.00500544	0.0878291	0.106828	0.0894202	0.0918623	0.0452547	0.057426	0.0696874	0.0308323	0.0218236	0.0245604	0.0417438	0.0407249	0.0271882	-0.0582404	0.0068617	0.0144805	0.00683731	0.0181103	-0.0408695	0.0227909	0.0122673	0.00791197	-0.00212823	0.0178041	-0.00509272	-0.000565875	-0.00325358	0.00590558	-0.00300326	-0.00638257	-0.00322325	0.00226836	0.00369199	-0.000739648	-0.00273793	0.00448757	-0.00220087	0.00685016	0.000537764	0.00090576	0.00558593	0.00061704	-0.00290738	-0.00164939	-0.00077833	-0.00502989	-0.00260158	-0.00677046	0.00296732	-0.0125863	-0.00276554	0.00499767
